{
  "tickers": [
    "SPY",
    "EZU",
    "INDA",
    "KWEB",
    "EWH",
    "GLD",
    "TLT",
    "DBC",
    "VNQ",
    "EWJ"
  ],
  "start": "2019-01-01",
  "end": "latest",
  "generated_at_utc": "2026-05-22T10:39:29+00:00",
  "trading_days_common": 1856,
  "monthly_points": 89,
  "corr_matrix": [
    [
      1.0,
      0.814,
      0.647,
      0.429,
      0.55,
      0.115,
      -0.133,
      0.315,
      0.757,
      0.74
    ],
    [
      0.814,
      1.0,
      0.658,
      0.479,
      0.611,
      0.206,
      -0.083,
      0.275,
      0.679,
      0.769
    ],
    [
      0.647,
      0.658,
      1.0,
      0.343,
      0.486,
      0.118,
      -0.119,
      0.185,
      0.568,
      0.569
    ],
    [
      0.429,
      0.479,
      0.343,
      1.0,
      0.652,
      0.135,
      -0.029,
      0.183,
      0.28,
      0.414
    ],
    [
      0.55,
      0.611,
      0.486,
      0.652,
      1.0,
      0.179,
      -0.1,
      0.283,
      0.456,
      0.531
    ],
    [
      0.115,
      0.206,
      0.118,
      0.135,
      0.179,
      1.0,
      0.233,
      0.282,
      0.155,
      0.22
    ],
    [
      -0.133,
      -0.083,
      -0.119,
      -0.029,
      -0.1,
      0.233,
      1.0,
      -0.164,
      0.022,
      -0.044
    ],
    [
      0.315,
      0.275,
      0.185,
      0.183,
      0.283,
      0.282,
      -0.164,
      1.0,
      0.237,
      0.248
    ],
    [
      0.757,
      0.679,
      0.568,
      0.28,
      0.456,
      0.155,
      0.022,
      0.237,
      1.0,
      0.579
    ],
    [
      0.74,
      0.769,
      0.569,
      0.414,
      0.531,
      0.22,
      -0.044,
      0.248,
      0.579,
      1.0
    ]
  ]
}