{
  "tickers": [
    "SPY",
    "EZU",
    "INDA",
    "KWEB",
    "EWH",
    "GLD",
    "TLT",
    "DBC",
    "VNQ",
    "EWJ"
  ],
  "start": "2019-01-01",
  "end": "latest",
  "generated_at_utc": "2026-07-07T04:09:59+00:00",
  "trading_days_common": 1885,
  "monthly_points": 91,
  "corr_matrix": [
    [
      1.0,
      0.813,
      0.647,
      0.429,
      0.551,
      0.125,
      -0.13,
      0.313,
      0.748,
      0.74
    ],
    [
      0.813,
      1.0,
      0.656,
      0.476,
      0.609,
      0.214,
      -0.08,
      0.274,
      0.67,
      0.768
    ],
    [
      0.647,
      0.656,
      1.0,
      0.342,
      0.485,
      0.122,
      -0.116,
      0.18,
      0.565,
      0.568
    ],
    [
      0.429,
      0.476,
      0.342,
      1.0,
      0.652,
      0.136,
      -0.029,
      0.183,
      0.277,
      0.411
    ],
    [
      0.551,
      0.609,
      0.485,
      0.652,
      1.0,
      0.189,
      -0.099,
      0.283,
      0.451,
      0.532
    ],
    [
      0.125,
      0.214,
      0.122,
      0.136,
      0.189,
      1.0,
      0.228,
      0.281,
      0.152,
      0.233
    ],
    [
      -0.13,
      -0.08,
      -0.116,
      -0.029,
      -0.099,
      0.228,
      1.0,
      -0.166,
      0.023,
      -0.041
    ],
    [
      0.313,
      0.274,
      0.18,
      0.183,
      0.283,
      0.281,
      -0.166,
      1.0,
      0.229,
      0.247
    ],
    [
      0.748,
      0.67,
      0.565,
      0.277,
      0.451,
      0.152,
      0.023,
      0.229,
      1.0,
      0.564
    ],
    [
      0.74,
      0.768,
      0.568,
      0.411,
      0.532,
      0.233,
      -0.041,
      0.247,
      0.564,
      1.0
    ]
  ]
}