{
  "tickers": [
    "SPY",
    "EZU",
    "INDA",
    "KWEB",
    "EWH",
    "GLD",
    "TLT",
    "DBC",
    "VNQ",
    "EWJ"
  ],
  "start": "2019-01-01",
  "end": "latest",
  "generated_at_utc": "2026-06-25T04:17:20+00:00",
  "trading_days_common": 1878,
  "monthly_points": 90,
  "corr_matrix": [
    [
      1.0,
      0.814,
      0.648,
      0.429,
      0.551,
      0.126,
      -0.13,
      0.313,
      0.751,
      0.74
    ],
    [
      0.814,
      1.0,
      0.657,
      0.478,
      0.611,
      0.215,
      -0.08,
      0.272,
      0.673,
      0.768
    ],
    [
      0.648,
      0.657,
      1.0,
      0.342,
      0.486,
      0.122,
      -0.116,
      0.18,
      0.566,
      0.568
    ],
    [
      0.429,
      0.478,
      0.342,
      1.0,
      0.652,
      0.137,
      -0.029,
      0.184,
      0.278,
      0.411
    ],
    [
      0.551,
      0.611,
      0.486,
      0.652,
      1.0,
      0.189,
      -0.099,
      0.283,
      0.452,
      0.532
    ],
    [
      0.126,
      0.215,
      0.122,
      0.137,
      0.189,
      1.0,
      0.229,
      0.281,
      0.151,
      0.233
    ],
    [
      -0.13,
      -0.08,
      -0.116,
      -0.029,
      -0.099,
      0.229,
      1.0,
      -0.166,
      0.022,
      -0.041
    ],
    [
      0.313,
      0.272,
      0.18,
      0.184,
      0.283,
      0.281,
      -0.166,
      1.0,
      0.231,
      0.245
    ],
    [
      0.751,
      0.673,
      0.566,
      0.278,
      0.452,
      0.151,
      0.022,
      0.231,
      1.0,
      0.566
    ],
    [
      0.74,
      0.768,
      0.568,
      0.411,
      0.532,
      0.233,
      -0.041,
      0.245,
      0.566,
      1.0
    ]
  ]
}