{
  "tickers": [
    "SPY",
    "EZU",
    "INDA",
    "KWEB",
    "EWH",
    "GLD",
    "TLT",
    "DBC",
    "VNQ",
    "EWJ"
  ],
  "start": "2019-01-01",
  "end": "latest",
  "generated_at_utc": "2026-07-21T03:32:15+00:00",
  "trading_days_common": 1895,
  "monthly_points": 91,
  "corr_matrix": [
    [
      1.0,
      0.813,
      0.647,
      0.428,
      0.551,
      0.126,
      -0.129,
      0.31,
      0.746,
      0.739
    ],
    [
      0.813,
      1.0,
      0.657,
      0.475,
      0.609,
      0.216,
      -0.079,
      0.27,
      0.668,
      0.767
    ],
    [
      0.647,
      0.657,
      1.0,
      0.34,
      0.485,
      0.124,
      -0.115,
      0.177,
      0.564,
      0.567
    ],
    [
      0.428,
      0.475,
      0.34,
      1.0,
      0.651,
      0.134,
      -0.03,
      0.182,
      0.276,
      0.409
    ],
    [
      0.551,
      0.609,
      0.485,
      0.651,
      1.0,
      0.19,
      -0.098,
      0.281,
      0.449,
      0.532
    ],
    [
      0.126,
      0.216,
      0.124,
      0.134,
      0.19,
      1.0,
      0.229,
      0.276,
      0.149,
      0.236
    ],
    [
      -0.129,
      -0.079,
      -0.115,
      -0.03,
      -0.098,
      0.229,
      1.0,
      -0.166,
      0.022,
      -0.039
    ],
    [
      0.31,
      0.27,
      0.177,
      0.182,
      0.281,
      0.276,
      -0.166,
      1.0,
      0.227,
      0.241
    ],
    [
      0.746,
      0.668,
      0.564,
      0.276,
      0.449,
      0.149,
      0.022,
      0.227,
      1.0,
      0.559
    ],
    [
      0.739,
      0.767,
      0.567,
      0.409,
      0.532,
      0.236,
      -0.039,
      0.241,
      0.559,
      1.0
    ]
  ]
}