{
  "tickers": [
    "SPY",
    "EZU",
    "INDA",
    "KWEB",
    "EWH",
    "GLD",
    "TLT",
    "DBC",
    "VNQ",
    "EWJ"
  ],
  "start": "2019-01-01",
  "end": "latest",
  "generated_at_utc": "2026-07-03T04:00:16+00:00",
  "trading_days_common": 1884,
  "monthly_points": 91,
  "corr_matrix": [
    [
      1.0,
      0.813,
      0.647,
      0.429,
      0.551,
      0.125,
      -0.13,
      0.313,
      0.749,
      0.74
    ],
    [
      0.813,
      1.0,
      0.656,
      0.476,
      0.609,
      0.214,
      -0.08,
      0.273,
      0.671,
      0.768
    ],
    [
      0.647,
      0.656,
      1.0,
      0.342,
      0.485,
      0.122,
      -0.116,
      0.18,
      0.566,
      0.568
    ],
    [
      0.429,
      0.476,
      0.342,
      1.0,
      0.651,
      0.136,
      -0.029,
      0.182,
      0.278,
      0.41
    ],
    [
      0.551,
      0.609,
      0.485,
      0.651,
      1.0,
      0.188,
      -0.099,
      0.283,
      0.451,
      0.531
    ],
    [
      0.125,
      0.214,
      0.122,
      0.136,
      0.188,
      1.0,
      0.228,
      0.281,
      0.152,
      0.232
    ],
    [
      -0.13,
      -0.08,
      -0.116,
      -0.029,
      -0.099,
      0.228,
      1.0,
      -0.165,
      0.023,
      -0.041
    ],
    [
      0.313,
      0.273,
      0.18,
      0.182,
      0.283,
      0.281,
      -0.165,
      1.0,
      0.23,
      0.246
    ],
    [
      0.749,
      0.671,
      0.566,
      0.278,
      0.451,
      0.152,
      0.023,
      0.23,
      1.0,
      0.565
    ],
    [
      0.74,
      0.768,
      0.568,
      0.41,
      0.531,
      0.232,
      -0.041,
      0.246,
      0.565,
      1.0
    ]
  ]
}