{
  "tickers": [
    "SPY",
    "EZU",
    "INDA",
    "KWEB",
    "EWH",
    "GLD",
    "TLT",
    "DBC",
    "VNQ",
    "EWJ"
  ],
  "start": "2019-01-01",
  "end": "latest",
  "generated_at_utc": "2026-07-17T03:28:43+00:00",
  "trading_days_common": 1893,
  "monthly_points": 91,
  "corr_matrix": [
    [
      1.0,
      0.813,
      0.647,
      0.428,
      0.551,
      0.126,
      -0.129,
      0.311,
      0.747,
      0.739
    ],
    [
      0.813,
      1.0,
      0.657,
      0.475,
      0.609,
      0.216,
      -0.079,
      0.271,
      0.668,
      0.767
    ],
    [
      0.647,
      0.657,
      1.0,
      0.341,
      0.485,
      0.124,
      -0.115,
      0.177,
      0.564,
      0.568
    ],
    [
      0.428,
      0.475,
      0.341,
      1.0,
      0.651,
      0.135,
      -0.029,
      0.183,
      0.277,
      0.408
    ],
    [
      0.551,
      0.609,
      0.485,
      0.651,
      1.0,
      0.19,
      -0.098,
      0.281,
      0.449,
      0.532
    ],
    [
      0.126,
      0.216,
      0.124,
      0.135,
      0.19,
      1.0,
      0.229,
      0.276,
      0.149,
      0.237
    ],
    [
      -0.129,
      -0.079,
      -0.115,
      -0.029,
      -0.098,
      0.229,
      1.0,
      -0.166,
      0.022,
      -0.039
    ],
    [
      0.311,
      0.271,
      0.177,
      0.183,
      0.281,
      0.276,
      -0.166,
      1.0,
      0.228,
      0.243
    ],
    [
      0.747,
      0.668,
      0.564,
      0.277,
      0.449,
      0.149,
      0.022,
      0.228,
      1.0,
      0.559
    ],
    [
      0.739,
      0.767,
      0.568,
      0.408,
      0.532,
      0.237,
      -0.039,
      0.243,
      0.559,
      1.0
    ]
  ]
}