{
  "tickers": [
    "SPY",
    "EZU",
    "INDA",
    "KWEB",
    "EWH",
    "GLD",
    "TLT",
    "DBC",
    "VNQ",
    "EWJ"
  ],
  "start": "2019-01-01",
  "end": "latest",
  "generated_at_utc": "2026-07-23T03:35:50+00:00",
  "trading_days_common": 1897,
  "monthly_points": 91,
  "corr_matrix": [
    [
      1.0,
      0.813,
      0.647,
      0.428,
      0.551,
      0.126,
      -0.129,
      0.31,
      0.746,
      0.739
    ],
    [
      0.813,
      1.0,
      0.656,
      0.474,
      0.609,
      0.217,
      -0.079,
      0.271,
      0.668,
      0.767
    ],
    [
      0.647,
      0.656,
      1.0,
      0.341,
      0.484,
      0.124,
      -0.115,
      0.177,
      0.565,
      0.567
    ],
    [
      0.428,
      0.474,
      0.341,
      1.0,
      0.65,
      0.133,
      -0.029,
      0.181,
      0.276,
      0.408
    ],
    [
      0.551,
      0.609,
      0.484,
      0.65,
      1.0,
      0.19,
      -0.098,
      0.282,
      0.449,
      0.531
    ],
    [
      0.126,
      0.217,
      0.124,
      0.133,
      0.19,
      1.0,
      0.228,
      0.278,
      0.148,
      0.237
    ],
    [
      -0.129,
      -0.079,
      -0.115,
      -0.029,
      -0.098,
      0.228,
      1.0,
      -0.166,
      0.022,
      -0.039
    ],
    [
      0.31,
      0.271,
      0.177,
      0.181,
      0.282,
      0.278,
      -0.166,
      1.0,
      0.227,
      0.242
    ],
    [
      0.746,
      0.668,
      0.565,
      0.276,
      0.449,
      0.148,
      0.022,
      0.227,
      1.0,
      0.558
    ],
    [
      0.739,
      0.767,
      0.567,
      0.408,
      0.531,
      0.237,
      -0.039,
      0.242,
      0.558,
      1.0
    ]
  ]
}