{
  "tickers": [
    "SPY",
    "EZU",
    "INDA",
    "KWEB",
    "EWH",
    "GLD",
    "TLT",
    "DBC",
    "VNQ",
    "EWJ"
  ],
  "start": "2019-01-01",
  "end": "latest",
  "generated_at_utc": "2026-06-21T05:08:41+00:00",
  "trading_days_common": 1874,
  "monthly_points": 90,
  "corr_matrix": [
    [
      1.0,
      0.814,
      0.648,
      0.429,
      0.552,
      0.125,
      -0.13,
      0.313,
      0.752,
      0.741
    ],
    [
      0.814,
      1.0,
      0.657,
      0.478,
      0.611,
      0.214,
      -0.08,
      0.272,
      0.674,
      0.769
    ],
    [
      0.648,
      0.657,
      1.0,
      0.343,
      0.486,
      0.123,
      -0.117,
      0.181,
      0.567,
      0.568
    ],
    [
      0.429,
      0.478,
      0.343,
      1.0,
      0.652,
      0.136,
      -0.029,
      0.184,
      0.279,
      0.412
    ],
    [
      0.552,
      0.611,
      0.486,
      0.652,
      1.0,
      0.189,
      -0.099,
      0.284,
      0.452,
      0.533
    ],
    [
      0.125,
      0.214,
      0.123,
      0.136,
      0.189,
      1.0,
      0.232,
      0.278,
      0.152,
      0.231
    ],
    [
      -0.13,
      -0.08,
      -0.117,
      -0.029,
      -0.099,
      0.232,
      1.0,
      -0.165,
      0.022,
      -0.041
    ],
    [
      0.313,
      0.272,
      0.181,
      0.184,
      0.284,
      0.278,
      -0.165,
      1.0,
      0.232,
      0.245
    ],
    [
      0.752,
      0.674,
      0.567,
      0.279,
      0.452,
      0.152,
      0.022,
      0.232,
      1.0,
      0.571
    ],
    [
      0.741,
      0.769,
      0.568,
      0.412,
      0.533,
      0.231,
      -0.041,
      0.245,
      0.571,
      1.0
    ]
  ]
}