{
  "tickers": [
    "SPY",
    "EZU",
    "INDA",
    "KWEB",
    "EWH",
    "GLD",
    "TLT",
    "DBC",
    "VNQ",
    "EWJ"
  ],
  "start": "2019-01-01",
  "end": "latest",
  "generated_at_utc": "2026-06-07T04:49:26+00:00",
  "trading_days_common": 1866,
  "monthly_points": 90,
  "corr_matrix": [
    [
      1.0,
      0.814,
      0.647,
      0.429,
      0.55,
      0.119,
      -0.131,
      0.315,
      0.755,
      0.741
    ],
    [
      0.814,
      1.0,
      0.658,
      0.479,
      0.61,
      0.209,
      -0.082,
      0.274,
      0.677,
      0.769
    ],
    [
      0.647,
      0.658,
      1.0,
      0.343,
      0.485,
      0.12,
      -0.118,
      0.184,
      0.568,
      0.569
    ],
    [
      0.429,
      0.479,
      0.343,
      1.0,
      0.652,
      0.137,
      -0.028,
      0.183,
      0.279,
      0.414
    ],
    [
      0.55,
      0.61,
      0.485,
      0.652,
      1.0,
      0.184,
      -0.1,
      0.285,
      0.454,
      0.532
    ],
    [
      0.119,
      0.209,
      0.12,
      0.137,
      0.184,
      1.0,
      0.232,
      0.283,
      0.154,
      0.224
    ],
    [
      -0.131,
      -0.082,
      -0.118,
      -0.028,
      -0.1,
      0.232,
      1.0,
      -0.164,
      0.022,
      -0.043
    ],
    [
      0.315,
      0.274,
      0.184,
      0.183,
      0.285,
      0.283,
      -0.164,
      1.0,
      0.234,
      0.249
    ],
    [
      0.755,
      0.677,
      0.568,
      0.279,
      0.454,
      0.154,
      0.022,
      0.234,
      1.0,
      0.576
    ],
    [
      0.741,
      0.769,
      0.569,
      0.414,
      0.532,
      0.224,
      -0.043,
      0.249,
      0.576,
      1.0
    ]
  ]
}