{
  "tickers": [
    "SPY",
    "EZU",
    "INDA",
    "KWEB",
    "EWH",
    "GLD",
    "TLT",
    "DBC",
    "VNQ",
    "EWJ"
  ],
  "start": "2019-01-01",
  "end": "latest",
  "generated_at_utc": "2026-07-15T03:18:48+00:00",
  "trading_days_common": 1891,
  "monthly_points": 91,
  "corr_matrix": [
    [
      1.0,
      0.813,
      0.647,
      0.429,
      0.551,
      0.126,
      -0.129,
      0.311,
      0.747,
      0.739
    ],
    [
      0.813,
      1.0,
      0.657,
      0.476,
      0.609,
      0.216,
      -0.079,
      0.271,
      0.669,
      0.768
    ],
    [
      0.647,
      0.657,
      1.0,
      0.341,
      0.485,
      0.124,
      -0.115,
      0.177,
      0.565,
      0.568
    ],
    [
      0.429,
      0.476,
      0.341,
      1.0,
      0.651,
      0.135,
      -0.029,
      0.183,
      0.276,
      0.41
    ],
    [
      0.551,
      0.609,
      0.485,
      0.651,
      1.0,
      0.19,
      -0.098,
      0.281,
      0.449,
      0.533
    ],
    [
      0.126,
      0.216,
      0.124,
      0.135,
      0.19,
      1.0,
      0.229,
      0.276,
      0.151,
      0.236
    ],
    [
      -0.129,
      -0.079,
      -0.115,
      -0.029,
      -0.098,
      0.229,
      1.0,
      -0.166,
      0.022,
      -0.039
    ],
    [
      0.311,
      0.271,
      0.177,
      0.183,
      0.281,
      0.276,
      -0.166,
      1.0,
      0.229,
      0.242
    ],
    [
      0.747,
      0.669,
      0.565,
      0.276,
      0.449,
      0.151,
      0.022,
      0.229,
      1.0,
      0.561
    ],
    [
      0.739,
      0.768,
      0.568,
      0.41,
      0.533,
      0.236,
      -0.039,
      0.242,
      0.561,
      1.0
    ]
  ]
}