{
  "tickers": [
    "SPY",
    "EZU",
    "INDA",
    "KWEB",
    "EWH",
    "GLD",
    "TLT",
    "DBC",
    "VNQ",
    "EWJ"
  ],
  "start": "2019-01-01",
  "end": "latest",
  "generated_at_utc": "2026-06-29T04:51:45+00:00",
  "trading_days_common": 1880,
  "monthly_points": 90,
  "corr_matrix": [
    [
      1.0,
      0.814,
      0.648,
      0.429,
      0.551,
      0.126,
      -0.13,
      0.313,
      0.75,
      0.74
    ],
    [
      0.814,
      1.0,
      0.657,
      0.477,
      0.611,
      0.215,
      -0.08,
      0.273,
      0.672,
      0.768
    ],
    [
      0.648,
      0.657,
      1.0,
      0.343,
      0.486,
      0.122,
      -0.116,
      0.18,
      0.566,
      0.568
    ],
    [
      0.429,
      0.477,
      0.343,
      1.0,
      0.652,
      0.136,
      -0.029,
      0.183,
      0.278,
      0.411
    ],
    [
      0.551,
      0.611,
      0.486,
      0.652,
      1.0,
      0.189,
      -0.099,
      0.283,
      0.451,
      0.532
    ],
    [
      0.126,
      0.215,
      0.122,
      0.136,
      0.189,
      1.0,
      0.229,
      0.281,
      0.151,
      0.232
    ],
    [
      -0.13,
      -0.08,
      -0.116,
      -0.029,
      -0.099,
      0.229,
      1.0,
      -0.166,
      0.022,
      -0.041
    ],
    [
      0.313,
      0.273,
      0.18,
      0.183,
      0.283,
      0.281,
      -0.166,
      1.0,
      0.23,
      0.246
    ],
    [
      0.75,
      0.672,
      0.566,
      0.278,
      0.451,
      0.151,
      0.022,
      0.23,
      1.0,
      0.566
    ],
    [
      0.74,
      0.768,
      0.568,
      0.411,
      0.532,
      0.232,
      -0.041,
      0.246,
      0.566,
      1.0
    ]
  ]
}