{
  "tickers": [
    "SPY",
    "EZU",
    "INDA",
    "KWEB",
    "EWH",
    "GLD",
    "TLT",
    "DBC",
    "VNQ",
    "EWJ"
  ],
  "start": "2019-01-01",
  "end": "latest",
  "generated_at_utc": "2026-07-08T03:34:50+00:00",
  "trading_days_common": 1886,
  "monthly_points": 91,
  "corr_matrix": [
    [
      1.0,
      0.813,
      0.647,
      0.429,
      0.551,
      0.125,
      -0.13,
      0.313,
      0.748,
      0.739
    ],
    [
      0.813,
      1.0,
      0.656,
      0.476,
      0.609,
      0.215,
      -0.079,
      0.273,
      0.669,
      0.768
    ],
    [
      0.647,
      0.656,
      1.0,
      0.342,
      0.485,
      0.123,
      -0.116,
      0.18,
      0.565,
      0.568
    ],
    [
      0.429,
      0.476,
      0.342,
      1.0,
      0.652,
      0.136,
      -0.029,
      0.183,
      0.277,
      0.411
    ],
    [
      0.551,
      0.609,
      0.485,
      0.652,
      1.0,
      0.189,
      -0.098,
      0.283,
      0.45,
      0.532
    ],
    [
      0.125,
      0.215,
      0.123,
      0.136,
      0.189,
      1.0,
      0.229,
      0.28,
      0.151,
      0.233
    ],
    [
      -0.13,
      -0.079,
      -0.116,
      -0.029,
      -0.098,
      0.229,
      1.0,
      -0.166,
      0.022,
      -0.04
    ],
    [
      0.313,
      0.273,
      0.18,
      0.183,
      0.283,
      0.28,
      -0.166,
      1.0,
      0.23,
      0.246
    ],
    [
      0.748,
      0.669,
      0.565,
      0.277,
      0.45,
      0.151,
      0.022,
      0.23,
      1.0,
      0.562
    ],
    [
      0.739,
      0.768,
      0.568,
      0.411,
      0.532,
      0.233,
      -0.04,
      0.246,
      0.562,
      1.0
    ]
  ]
}