{
  "tickers": [
    "SPY",
    "EZU",
    "INDA",
    "KWEB",
    "EWH",
    "GLD",
    "TLT",
    "DBC",
    "VNQ",
    "EWJ"
  ],
  "start": "2019-01-01",
  "end": "latest",
  "generated_at_utc": "2026-05-31T04:44:18+00:00",
  "trading_days_common": 1861,
  "monthly_points": 89,
  "corr_matrix": [
    [
      1.0,
      0.813,
      0.647,
      0.429,
      0.549,
      0.115,
      -0.132,
      0.314,
      0.757,
      0.74
    ],
    [
      0.813,
      1.0,
      0.657,
      0.479,
      0.61,
      0.206,
      -0.083,
      0.274,
      0.679,
      0.769
    ],
    [
      0.647,
      0.657,
      1.0,
      0.343,
      0.485,
      0.117,
      -0.118,
      0.185,
      0.568,
      0.569
    ],
    [
      0.429,
      0.479,
      0.343,
      1.0,
      0.652,
      0.135,
      -0.029,
      0.182,
      0.28,
      0.414
    ],
    [
      0.549,
      0.61,
      0.485,
      0.652,
      1.0,
      0.18,
      -0.101,
      0.283,
      0.456,
      0.531
    ],
    [
      0.115,
      0.206,
      0.117,
      0.135,
      0.18,
      1.0,
      0.232,
      0.283,
      0.154,
      0.22
    ],
    [
      -0.132,
      -0.083,
      -0.118,
      -0.029,
      -0.101,
      0.232,
      1.0,
      -0.164,
      0.022,
      -0.043
    ],
    [
      0.314,
      0.274,
      0.185,
      0.182,
      0.283,
      0.283,
      -0.164,
      1.0,
      0.237,
      0.247
    ],
    [
      0.757,
      0.679,
      0.568,
      0.28,
      0.456,
      0.154,
      0.022,
      0.237,
      1.0,
      0.579
    ],
    [
      0.74,
      0.769,
      0.569,
      0.414,
      0.531,
      0.22,
      -0.043,
      0.247,
      0.579,
      1.0
    ]
  ]
}