{
  "tickers": [
    "SPY",
    "EZU",
    "INDA",
    "KWEB",
    "EWH",
    "GLD",
    "TLT",
    "DBC",
    "VNQ",
    "EWJ"
  ],
  "start": "2019-01-01",
  "end": "latest",
  "generated_at_utc": "2026-05-11T13:23:53+00:00",
  "trading_days_common": 1847,
  "monthly_points": 89,
  "corr_matrix": [
    [
      1.0,
      0.814,
      0.648,
      0.43,
      0.549,
      0.114,
      -0.134,
      0.318,
      0.758,
      0.74
    ],
    [
      0.814,
      1.0,
      0.658,
      0.479,
      0.61,
      0.203,
      -0.086,
      0.28,
      0.679,
      0.769
    ],
    [
      0.648,
      0.658,
      1.0,
      0.344,
      0.486,
      0.116,
      -0.122,
      0.192,
      0.57,
      0.57
    ],
    [
      0.43,
      0.479,
      0.344,
      1.0,
      0.653,
      0.134,
      -0.03,
      0.184,
      0.281,
      0.413
    ],
    [
      0.549,
      0.61,
      0.486,
      0.653,
      1.0,
      0.178,
      -0.102,
      0.286,
      0.457,
      0.531
    ],
    [
      0.114,
      0.203,
      0.116,
      0.134,
      0.178,
      1.0,
      0.23,
      0.285,
      0.153,
      0.218
    ],
    [
      -0.134,
      -0.086,
      -0.122,
      -0.03,
      -0.102,
      0.23,
      1.0,
      -0.162,
      0.02,
      -0.045
    ],
    [
      0.318,
      0.28,
      0.192,
      0.184,
      0.286,
      0.285,
      -0.162,
      1.0,
      0.238,
      0.25
    ],
    [
      0.758,
      0.679,
      0.57,
      0.281,
      0.457,
      0.153,
      0.02,
      0.238,
      1.0,
      0.579
    ],
    [
      0.74,
      0.769,
      0.57,
      0.413,
      0.531,
      0.218,
      -0.045,
      0.25,
      0.579,
      1.0
    ]
  ]
}