{
  "tickers": [
    "SPY",
    "EZU",
    "INDA",
    "KWEB",
    "EWH",
    "GLD",
    "TLT",
    "DBC",
    "VNQ",
    "EWJ"
  ],
  "start": "2019-01-01",
  "end": "latest",
  "generated_at_utc": "2026-06-17T05:02:37+00:00",
  "trading_days_common": 1873,
  "monthly_points": 90,
  "corr_matrix": [
    [
      1.0,
      0.814,
      0.648,
      0.429,
      0.551,
      0.124,
      -0.13,
      0.313,
      0.752,
      0.741
    ],
    [
      0.814,
      1.0,
      0.657,
      0.478,
      0.611,
      0.213,
      -0.08,
      0.271,
      0.675,
      0.769
    ],
    [
      0.648,
      0.657,
      1.0,
      0.342,
      0.485,
      0.122,
      -0.117,
      0.181,
      0.567,
      0.568
    ],
    [
      0.429,
      0.478,
      0.342,
      1.0,
      0.652,
      0.135,
      -0.029,
      0.183,
      0.279,
      0.412
    ],
    [
      0.551,
      0.611,
      0.485,
      0.652,
      1.0,
      0.188,
      -0.099,
      0.283,
      0.451,
      0.533
    ],
    [
      0.124,
      0.213,
      0.122,
      0.135,
      0.188,
      1.0,
      0.232,
      0.278,
      0.15,
      0.232
    ],
    [
      -0.13,
      -0.08,
      -0.117,
      -0.029,
      -0.099,
      0.232,
      1.0,
      -0.165,
      0.022,
      -0.041
    ],
    [
      0.313,
      0.271,
      0.181,
      0.183,
      0.283,
      0.278,
      -0.165,
      1.0,
      0.232,
      0.246
    ],
    [
      0.752,
      0.675,
      0.567,
      0.279,
      0.451,
      0.15,
      0.022,
      0.232,
      1.0,
      0.571
    ],
    [
      0.741,
      0.769,
      0.568,
      0.412,
      0.533,
      0.232,
      -0.041,
      0.246,
      0.571,
      1.0
    ]
  ]
}