{
  "tickers": [
    "SPY",
    "EZU",
    "INDA",
    "KWEB",
    "EWH",
    "GLD",
    "TLT",
    "DBC",
    "VNQ",
    "EWJ"
  ],
  "start": "2019-01-01",
  "end": "latest",
  "generated_at_utc": "2026-05-14T09:40:18+00:00",
  "trading_days_common": 1850,
  "monthly_points": 89,
  "corr_matrix": [
    [
      1.0,
      0.814,
      0.647,
      0.43,
      0.549,
      0.114,
      -0.134,
      0.317,
      0.758,
      0.74
    ],
    [
      0.814,
      1.0,
      0.658,
      0.48,
      0.61,
      0.203,
      -0.086,
      0.278,
      0.678,
      0.769
    ],
    [
      0.647,
      0.658,
      1.0,
      0.344,
      0.486,
      0.116,
      -0.12,
      0.187,
      0.568,
      0.569
    ],
    [
      0.43,
      0.48,
      0.344,
      1.0,
      0.653,
      0.134,
      -0.03,
      0.182,
      0.28,
      0.414
    ],
    [
      0.549,
      0.61,
      0.486,
      0.653,
      1.0,
      0.177,
      -0.102,
      0.284,
      0.456,
      0.531
    ],
    [
      0.114,
      0.203,
      0.116,
      0.134,
      0.177,
      1.0,
      0.23,
      0.285,
      0.153,
      0.218
    ],
    [
      -0.134,
      -0.086,
      -0.12,
      -0.03,
      -0.102,
      0.23,
      1.0,
      -0.163,
      0.021,
      -0.045
    ],
    [
      0.317,
      0.278,
      0.187,
      0.182,
      0.284,
      0.285,
      -0.163,
      1.0,
      0.238,
      0.249
    ],
    [
      0.758,
      0.678,
      0.568,
      0.28,
      0.456,
      0.153,
      0.021,
      0.238,
      1.0,
      0.579
    ],
    [
      0.74,
      0.769,
      0.569,
      0.414,
      0.531,
      0.218,
      -0.045,
      0.249,
      0.579,
      1.0
    ]
  ]
}