{
  "tickers": [
    "SPY",
    "EZU",
    "INDA",
    "KWEB",
    "EWH",
    "GLD",
    "TLT",
    "DBC",
    "VNQ",
    "EWJ"
  ],
  "start": "2019-01-01",
  "end": "latest",
  "generated_at_utc": "2026-06-14T04:59:53+00:00",
  "trading_days_common": 1871,
  "monthly_points": 90,
  "corr_matrix": [
    [
      1.0,
      0.814,
      0.647,
      0.429,
      0.551,
      0.123,
      -0.13,
      0.314,
      0.753,
      0.741
    ],
    [
      0.814,
      1.0,
      0.657,
      0.478,
      0.611,
      0.213,
      -0.08,
      0.272,
      0.675,
      0.769
    ],
    [
      0.647,
      0.657,
      1.0,
      0.343,
      0.485,
      0.121,
      -0.117,
      0.182,
      0.568,
      0.568
    ],
    [
      0.429,
      0.478,
      0.343,
      1.0,
      0.652,
      0.135,
      -0.028,
      0.183,
      0.279,
      0.412
    ],
    [
      0.551,
      0.611,
      0.485,
      0.652,
      1.0,
      0.187,
      -0.099,
      0.284,
      0.452,
      0.533
    ],
    [
      0.123,
      0.213,
      0.121,
      0.135,
      0.187,
      1.0,
      0.233,
      0.28,
      0.151,
      0.23
    ],
    [
      -0.13,
      -0.08,
      -0.117,
      -0.028,
      -0.099,
      0.233,
      1.0,
      -0.165,
      0.022,
      -0.041
    ],
    [
      0.314,
      0.272,
      0.182,
      0.183,
      0.284,
      0.28,
      -0.165,
      1.0,
      0.232,
      0.247
    ],
    [
      0.753,
      0.675,
      0.568,
      0.279,
      0.452,
      0.151,
      0.022,
      0.232,
      1.0,
      0.572
    ],
    [
      0.741,
      0.769,
      0.568,
      0.412,
      0.533,
      0.23,
      -0.041,
      0.247,
      0.572,
      1.0
    ]
  ]
}