{
  "tickers": [
    "SPY",
    "EZU",
    "INDA",
    "KWEB",
    "EWH",
    "GLD",
    "TLT",
    "DBC",
    "VNQ",
    "EWJ"
  ],
  "start": "2019-01-01",
  "end": "latest",
  "generated_at_utc": "2026-07-22T03:31:31+00:00",
  "trading_days_common": 1896,
  "monthly_points": 91,
  "corr_matrix": [
    [
      1.0,
      0.813,
      0.647,
      0.428,
      0.551,
      0.127,
      -0.129,
      0.31,
      0.746,
      0.739
    ],
    [
      0.813,
      1.0,
      0.656,
      0.474,
      0.609,
      0.217,
      -0.079,
      0.271,
      0.668,
      0.767
    ],
    [
      0.647,
      0.656,
      1.0,
      0.34,
      0.485,
      0.124,
      -0.115,
      0.177,
      0.564,
      0.567
    ],
    [
      0.428,
      0.474,
      0.34,
      1.0,
      0.65,
      0.133,
      -0.029,
      0.181,
      0.276,
      0.407
    ],
    [
      0.551,
      0.609,
      0.485,
      0.65,
      1.0,
      0.19,
      -0.098,
      0.281,
      0.449,
      0.531
    ],
    [
      0.127,
      0.217,
      0.124,
      0.133,
      0.19,
      1.0,
      0.229,
      0.277,
      0.149,
      0.238
    ],
    [
      -0.129,
      -0.079,
      -0.115,
      -0.029,
      -0.098,
      0.229,
      1.0,
      -0.166,
      0.022,
      -0.039
    ],
    [
      0.31,
      0.271,
      0.177,
      0.181,
      0.281,
      0.277,
      -0.166,
      1.0,
      0.227,
      0.242
    ],
    [
      0.746,
      0.668,
      0.564,
      0.276,
      0.449,
      0.149,
      0.022,
      0.227,
      1.0,
      0.558
    ],
    [
      0.739,
      0.767,
      0.567,
      0.407,
      0.531,
      0.238,
      -0.039,
      0.242,
      0.558,
      1.0
    ]
  ]
}