{
  "tickers": [
    "SPY",
    "EZU",
    "INDA",
    "KWEB",
    "EWH",
    "GLD",
    "TLT",
    "DBC",
    "VNQ",
    "EWJ"
  ],
  "start": "2019-01-01",
  "end": "latest",
  "generated_at_utc": "2026-06-23T04:14:13+00:00",
  "trading_days_common": 1876,
  "monthly_points": 90,
  "corr_matrix": [
    [
      1.0,
      0.813,
      0.648,
      0.429,
      0.551,
      0.125,
      -0.13,
      0.313,
      0.752,
      0.74
    ],
    [
      0.813,
      1.0,
      0.657,
      0.478,
      0.611,
      0.213,
      -0.08,
      0.271,
      0.674,
      0.769
    ],
    [
      0.648,
      0.657,
      1.0,
      0.342,
      0.485,
      0.122,
      -0.117,
      0.181,
      0.567,
      0.568
    ],
    [
      0.429,
      0.478,
      0.342,
      1.0,
      0.652,
      0.136,
      -0.028,
      0.184,
      0.279,
      0.411
    ],
    [
      0.551,
      0.611,
      0.485,
      0.652,
      1.0,
      0.189,
      -0.099,
      0.283,
      0.452,
      0.532
    ],
    [
      0.125,
      0.213,
      0.122,
      0.136,
      0.189,
      1.0,
      0.232,
      0.278,
      0.152,
      0.23
    ],
    [
      -0.13,
      -0.08,
      -0.117,
      -0.028,
      -0.099,
      0.232,
      1.0,
      -0.164,
      0.022,
      -0.041
    ],
    [
      0.313,
      0.271,
      0.181,
      0.184,
      0.283,
      0.278,
      -0.164,
      1.0,
      0.232,
      0.245
    ],
    [
      0.752,
      0.674,
      0.567,
      0.279,
      0.452,
      0.152,
      0.022,
      0.232,
      1.0,
      0.57
    ],
    [
      0.74,
      0.769,
      0.568,
      0.411,
      0.532,
      0.23,
      -0.041,
      0.245,
      0.57,
      1.0
    ]
  ]
}