{
  "tickers": [
    "SPY",
    "EZU",
    "INDA",
    "KWEB",
    "EWH",
    "GLD",
    "TLT",
    "DBC",
    "VNQ",
    "EWJ"
  ],
  "start": "2019-01-01",
  "end": "latest",
  "generated_at_utc": "2026-05-17T08:35:45+00:00",
  "trading_days_common": 1852,
  "monthly_points": 89,
  "corr_matrix": [
    [
      1.0,
      0.814,
      0.647,
      0.43,
      0.55,
      0.114,
      -0.133,
      0.317,
      0.758,
      0.74
    ],
    [
      0.814,
      1.0,
      0.658,
      0.48,
      0.611,
      0.205,
      -0.084,
      0.278,
      0.679,
      0.769
    ],
    [
      0.647,
      0.658,
      1.0,
      0.344,
      0.485,
      0.116,
      -0.12,
      0.187,
      0.568,
      0.569
    ],
    [
      0.43,
      0.48,
      0.344,
      1.0,
      0.653,
      0.136,
      -0.029,
      0.183,
      0.28,
      0.415
    ],
    [
      0.55,
      0.611,
      0.485,
      0.653,
      1.0,
      0.178,
      -0.101,
      0.284,
      0.457,
      0.531
    ],
    [
      0.114,
      0.205,
      0.116,
      0.136,
      0.178,
      1.0,
      0.232,
      0.285,
      0.154,
      0.219
    ],
    [
      -0.133,
      -0.084,
      -0.12,
      -0.029,
      -0.101,
      0.232,
      1.0,
      -0.163,
      0.021,
      -0.045
    ],
    [
      0.317,
      0.278,
      0.187,
      0.183,
      0.284,
      0.285,
      -0.163,
      1.0,
      0.238,
      0.249
    ],
    [
      0.758,
      0.679,
      0.568,
      0.28,
      0.457,
      0.154,
      0.021,
      0.238,
      1.0,
      0.579
    ],
    [
      0.74,
      0.769,
      0.569,
      0.415,
      0.531,
      0.219,
      -0.045,
      0.249,
      0.579,
      1.0
    ]
  ]
}