{
  "tickers": [
    "SPY",
    "EZU",
    "INDA",
    "KWEB",
    "EWH",
    "GLD",
    "TLT",
    "DBC",
    "VNQ",
    "EWJ"
  ],
  "start": "2019-01-01",
  "end": "latest",
  "generated_at_utc": "2026-06-24T04:17:11+00:00",
  "trading_days_common": 1877,
  "monthly_points": 90,
  "corr_matrix": [
    [
      1.0,
      0.814,
      0.648,
      0.429,
      0.551,
      0.126,
      -0.13,
      0.313,
      0.751,
      0.74
    ],
    [
      0.814,
      1.0,
      0.658,
      0.478,
      0.611,
      0.214,
      -0.08,
      0.272,
      0.673,
      0.768
    ],
    [
      0.648,
      0.658,
      1.0,
      0.343,
      0.486,
      0.123,
      -0.117,
      0.182,
      0.566,
      0.568
    ],
    [
      0.429,
      0.478,
      0.343,
      1.0,
      0.652,
      0.136,
      -0.029,
      0.184,
      0.278,
      0.411
    ],
    [
      0.551,
      0.611,
      0.486,
      0.652,
      1.0,
      0.19,
      -0.099,
      0.284,
      0.452,
      0.532
    ],
    [
      0.126,
      0.214,
      0.123,
      0.136,
      0.19,
      1.0,
      0.231,
      0.279,
      0.151,
      0.233
    ],
    [
      -0.13,
      -0.08,
      -0.117,
      -0.029,
      -0.099,
      0.231,
      1.0,
      -0.164,
      0.022,
      -0.041
    ],
    [
      0.313,
      0.272,
      0.182,
      0.184,
      0.284,
      0.279,
      -0.164,
      1.0,
      0.231,
      0.246
    ],
    [
      0.751,
      0.673,
      0.566,
      0.278,
      0.452,
      0.151,
      0.022,
      0.231,
      1.0,
      0.566
    ],
    [
      0.74,
      0.768,
      0.568,
      0.411,
      0.532,
      0.233,
      -0.041,
      0.246,
      0.566,
      1.0
    ]
  ]
}